CAB<-c(2.0, 1.1, 4.4, -3.1, -1.3, 3.9, 3.2, -1.6,
       3.5,1.2, 2.5, 2.3, 1.9, 1.8, 2.9, -0.3,-2.4)

crab<-c(25.8,24.6,26.1,22.9,25.1,27.3,24.0,24.5,23.9,
        26.2, 24.3, 24.6, 23.3, 25.5, 28.1,24.8,23.5,
        26.3,25.4,25.5,23.9,27.0,24.8,22.9,25.4)

peso<-c(0.2,-0.5,-1.3,-1.6,-0.7,0.4,-0.1,0.0,-0.6,-1.1,-1.2,-0.8)